     60263 
     63538 
     63772 
     64126 
     65528 
     81378 
     85571 
     86279 
    108179 
    108390 
    108418 
    108858 
    108914 
    109042 
    109045 
    109218 
    109293 
    110146 
    110673 
    115502 
    139359 
    139385 
    139808 
    139889 
    144513 
    144619 
    150422 
    150430 
    150520 
    153609 
    154496 
    155753 
    155755 
    155780 
    159525 
    159584 
    164361 
    167732 
    167912 
    167944 
    168091 
    174079 
    174082 
    175246 
    175534 
    175563 
    175576 
    176999 
    186345 
    186624 
    188204 
    190072 
    191819 
    192335 
    202341 
    202373 
    205320 
    208920 
    208938 
    209121 
    209758 
    210019 
    210042 
    230393 
    239555 
    239560 
    247172 
    247416 
    254041 
    254183 
    254191 
    254485 
    254574 
    259680 
    274686 
    274863 
    276936 
    277382 
    280581 
    286980 
    286992 
    287021 
    287749 
    293649 
    297752 
    297778 
    299397 
    306662 
    306927 
    306961 
    307103 
    307684 
    326784 
    327157 
    327235 
    327539 
    341984 
    347597 
    350651 
    350760 
    354500 
    354593 
    355798 
    357185 
    357312 
    366288 
    368794 
    368969 
    374605 
    375020 
    375328 
    386175 
    387592 
    387758 
    392160 
    393645 
    393664 
    393944 
    394031 
    418438 
    423226 
    449292 
    456559 
    459291 
    459423 
    459441 
    459445 
    493911 
    533006 
    535495 
    535499 
    535622 
    535954 
    535969 
    539661 
    683826 
    683829 
    688404 
    728922 
    730748 
    730753 
    731173 
    746745 
    784835 
    785507 
    785544 
    792449 
    816893 
    816908 
    816985 
    819480 
    850640 
    863160 
    863227 
    999641 
   1003027 
   1005735 
   1090417 
   1096145 
   1171063 
   1334416 
   1427521 
   1428235 
   1456730 
   1475000 
   1503678 
   1695649 
   1695655 
   1784591 
   1836046 
   1849215 
   1872367 
   1944498 
   1944531 
   2048553 
   2533578 
   4049791 
   4132379 
   4165168 
   4185536 
   4249561 
   4872780 
   4873208 
   4878380 
   4995938 
   5051774 
   5058719 
   5059535 
   5094708 
   5234843 
   5239569 
   5259949 
  16805463 
  17244975 
  18529562 
  18931368 
  18931379 
  19091872 
  19264098 
  19278144 
  19395222 
  20049288 
  21157036 
  21157045 
  21157115 
  21178391 
  21406203 
  21562994 
  21699108 
  21911995 
  22080575 
  22497561 
  22642427 
  22708638 
  22789462 
  22789468 
  22807056 
  24649621 
  25639316 
  25650033 
  25657277 
  25706371 
  25792409 
  25867002 
  25879288 
  25986093 
  25986095 
  25986099 
  25986220 
  26085472 
  26087078 
  26135295 
  26162128 
  26192183 
  26210113 
  26251499 
  26340404 
  26344022 
  26425118 
  26508186 
  26508232 
  26508240 
  26522011 
  26523120 
  26547431 
  26620756 
  26878052 
  26902864 
  27121697 
  27262902 
  27459110 
  27506729 
  27566189 
  27588893 
  27591444 
  27630190 
  27646196 
  27646197 
  27646198 
  27646199 
  27646202 
  27646205 
  27646786 
  27678693 
  27731425 
  27733441 
  27747108 
  27808295 
  27836911 
  27876255 
  27890488 
  27901533 
  27908601 
  27923685 
  27923686 
  27923688 
  27923691 
  27955653 
  27955654 
  28002674 
  28012016 
  28018075 
  28029104 
  28095742 
  28143956 
  28160720 
  28188379 
  28188386 
  28223110 
  28228079 
  28228080 
  28228085 
  28228088 
  28267047 
  28274441 
  28310921 
  28310930 
  28310935 
  28310938 
  28390956 
  28391404 
  28399393 
  28411051 
  28411055 
  28411069 
  28411070 
  28411784 
  28427640 
  28436980 
  28457668 
  28457683 
  28493782 
  28525821 
  28525822 
  28525826 
  28525829 
  28569859 
  28656169 
  28656174 
  28660045 
  28692423 
  28695397 
  28732492 
  28754282 
  28765210 
  28765217 
  28768363 
  28793187 
  28802028 
  28814309 
  28819192 
  28912026 
  28935309 
  28935312 
  28940200 
  28940201 
  28949739 
  28972584 
  28972585 
  28972591 
  29005037 
  29017301 
  29049005 
  29095694 
  29137871 
  29137872 
  29343372 
  29379442 
  29393526 
  29393563 
  29393575 
  29401074 
  29401513 
  29414569 
  29418639 
  29431066 
  29436904 
  29450491 
  29450492 
  29482203 
  29483185 
  29483186 
  29491773 
  29498230 
  29498732 
  29567187 
  29567188 
  29567189 
  29567191 
  29567192 
  29567338 
  29567718 
  29572804 
  29582493 
  29588031 
  29588431 
  29588547 
  29588564 
  29593805 
  29593807 
  29709842 
  29713805 
  29715008 
  29715552 
  29715555 
  29715557 
  29722028 
  29722689 
  29724292 
  29724295 
  29740320 
  29740981 
  29744668 
  29759370 
  29761121 
  29764408 
  29825896 
  29844897 
  29850531 
  29897175 
  29932503 
  29947349 
  29984349 
  30039520 
  30051211 
  30053958 
  30431367 
  30500857 
  30635613 
  30635706 
  30903062 
  30903066 
  30967581 
  31062666 
  31066348 
  31165429 
  31168345 
  31273503 
  31370725 
  31445554 
  31445772 
  31477886 
  31477887 
  31517702 
  31563146 
  31649696 
  31654110 
  31654343 
  31654492 
  31830720 
  31890233 
  31997912 
  31997921 
  31997922 
  32019370 
  32070019 
  32098384 
  32098388 
  32098389 
  32166832 
  32166834 
  32166839 
  32166840 
  32174122 
  32192215 
  32192219 
  32272221 
  32450462 
  32548053 
  32574972 
  32628199 
  32628933 
  32743519 
  32743521 
  32752241 
  32785269 
  32845631 
  32845645 
  32944222 
  32957013 
  32957955 
  32958419 
  33004428 
  33166539 
  33166602 
  33211959 
  33248874 
  33294788 
  33367534 
  33471703 
  33495784 
  33517484 
  33544485 
  33735265 
  33785298 
  33850772 
  33872407 
  33872711 
  33872719 
  33875639 
  34248829 
  34324070 
  34341487 
  34367061 
  34367064 
  34367078 
  34367464 
  34367856 
  34367861 
  34367862 
  34380395 
  34380998 
  34381462 
  34381760 
  34468552 
  34516947 
  34923114 
  34986723 
  35283616 
  35331091 
  35416184 
  35476048 
  35476049 
  35617848 
  35618260 
  35618531 
  35656791 
  36080207 
  36117069 
  36117196 
  36317397 
  36492751 
  36894923 
  36897286 
  36961015 
  37778314 
  38574742 
  38576323 
  39635710 
  40257975 
  41634014 
  41640165 
  41642352 
  41646269 
  41664790 
 399340140 
 400161345 
 400689302 
 400876480 
 401246013 
 401249912 
 404459321 
 404459371 
 404465600 
 405446264 
 406000222 
 406000625 
 406846838 
 407761576 
 408212952 
 408277809 
 408814900 
 409649183 
 409650012 
 410042507 
 411314681 
 411315504 
 412175360 
 412493245 
 412785749 
 412785750 
 412785751 
 412785752 
 412785754 
 412785755 
 413074278 
 413074364 
 413829637 
 413829643 
 413829873 
 413831994 
 413834238 
 415086030 
 415793652 
 416384526 
 416389006 
 417250911 
 417594943 
 417595364 
 417596048 
 417596830 
 417833356 
 417859220 
 418257142 
 418602584 
 418602619 
 418603101 
 418708940 
 418990139 
 419250769 
 419373997 
 419375655 
 419594712 
 419594715 
 419594717 
 419596756 
 419596759 
 419596760 
 420400344 
 420401986 
 420500613 
 420922950 
 421091989 
 421203731 
 421203732 
 422094562 
 422132237 
 422427951 
 422428548 
 422428774 
 422429144 
 422429521 
 423015580 
 423015626 
 423407249 
 423776484 
 423849327 
 423997512 
 424264505 
 425053743 
 425065305 
 425100599 
 425100934 
 425280053 
 426026295 
 426027298 
 426343036 
 426833056 
 427016019 
 427017519 
 427017602 
 427139791 
 427542186 
 428203067 
 428391793 
 429450139 
 429528027 
 430026507 
 430026721 
 431259341 
 431610321 
 431794334 
 432076002 
 432506345 
 432698064 
 432821740 
 433107622 
 434070571 
 434070744 
 434687780 
 434871406 
 434902428 
 434974723 
 435289279 
 435305846 
 435413905 
 436355909 
 436514312 
 437290277 
 437608773 
 437755447 
 437755948 
 437802348 
 437802349 
 437802479 
 439139384 
 439142564 
 439915133 
 440208433 
 440239018 
 441617814 
 441618816 
 442315372 
 442853666 
 442867358 
 442899375 
 443967407 
 444324180 
 444444568 
 444524928 
 444548123 
 444706187 
 444803658 
 445144944 
 445198872 
 446512502 
 446557368 
 446874800 
 446945018 
 447926067 
 448317748 
 448339199 
 448393470 
 448771555 
 448859279 
 448917682 
 449327874 
 449327932 
 449577802 
 449577832 
 449578813 
 449578853 
 450048216 
 450222722 
 450345242 
 450567505 
 450572105 
 450853439 
 452911073 
 453256396 
 453386046 
 453486900 
 453486903 
 453872166 
 454966480 
 455345723 
 455735336 
 455736094 
 456175752 
 456185577 
 456310390 
 457655982 
 458238990 
 459025188 
 459159344 
 459733918 
 459925111 
 460043372 
 460542191 
 460971689 
 461080452 
 461347998 
 461375949 
 461518855 
 461858117 
 462190584 
 462375091 
 462523414 
 462688242 
 462997848 
 463157222 
 463183857 
 463473758 
 463973320 
 464674024 
 465921227 
 467117858 
 467394168 
 468252710 
 469699869 
 469699878 
 469699897 
 469699900 
 470469447 
 470759406 
 470759757 
 470851382 
 471566347 
 471741341 
 471754972 
 471761048 
 472050282 
 472114331 
 472531958 
 472865155 
 473279970 
 473940941 
 474581010 
 474932825 
 476323620 
 476324589 
 476334080 
 476625725 
 476987164 
 477745902 
 478029411 
 478049306 
 479219330 
 479223413 
 479716850 
 479864211 
 480032607 
 480743769 
 480768065 
 480768069 
 480768641 
 480769052 
 482304966 
 482395086 
 482999251 
 484311547 
 484527479 
 484864353 
 486188245 
 486583346 
 487217761 
 487221770 
 487222331 
 487864613 
 487885426 
 488041765 
 488490964 
 489282743 
 490106148 
 490350573 
 490595358 
 490687121 
 490991569 
 491294068 
 491363930 
 491950342 
 491950410 
 492003656 
 492151025 
 492926375 
 493042772 
 493283657 
 493285618 
 493601520 
 496419945 
 496869523 
 498331794 
 498331912 
 499005517 
 499404518 
 499610111 
 501214042 
 501846795 
 501980923 
 502103677 
 502228913 
 503034689 
 503952383 
 504265178 
 504680065 
 504686860 
 504717664 
 504768478 
 505451371 
 505451376 
 505594080 
 505851663 
 507152393 
 507795190 
 508319112 
 508903855 
 509311549 
 509343394 
 511416950 
 513183994 
 513336332 
 513360721 
 514543382 
 514761233 
 515223310 
 515269424 
 515453363 
 515644857 
 516366929 
 516654015 
 516657051 
 517122961 
 517567264 
 518015143 
 518686034 
 518904648 
 519434566 
 520012673 
 520277152 
 520307982 
 520458035 
 520665023 
 520849195 
 521144315 
 521416693 
 521558853 
 521749251 
 521780143 
 522448726 
 522529247 
 523902194 
 524302181 
 524805604 
 525240923 
 525911434 
 526091242 
 526464293 
 527500508 
 527806660 
 528568046 
 529255842 
 529557738 
 529747142 
 530801905 
 531024617 
 531051224 
 531769882 
 531786601 
 531786605 
 532418726 
 532548942 
 533181327 
 533189612 
 534087776 
 534542620 
 535320261 
 535619999 
 536128649 
 537223435 
 537407963 
 537542277 
 537610352 
 537878165 
 538394140 
 538559837 
 539124821 
 539277643 
 540253253 
 540957032 
 542736360 
 543346228 
 544247597 
 544483346 
 545161970 
 545294994 
 545589140 
 545799377 
 545807885 
 545808001 
 545954470 
 546722055 
 546723449 
 546730409 
 546730469 
 547223843 
 547451916 
 547833937 
 547971220 
 547976490 
 548103852 
 548103853 
 548103854 
 548103855 
 548103856 
 548103857 
 548103858 
 548103859 
 548103860 
 548103861 
 548103862 
 548103972 
 548103981 
 548145626 
 548145633 
 548556869 
 549309158 
 550188413 
 551816010 
 553310243 
+-----------+
